#RR-PAR-000003 version 0.3


EP=1
EO=1
MT=1
AD[1]=0.05
AD[2]=0.05

AG[1]=1200
AG[2]=2400

AF[1]=0.000001
AF[2]=0.000001

AO[1]=0
AO[2]=0

CS[1]=0
CS[2]=1


SP[1]=15
SP[2]=40


MD[1]=1
MD[2]=1

CL[1]=40
CL[2]=50


UA[1]=0
UA[2]=0

VA[1]=0
VA[2]=11300

VM[1]=6000
VM[2]=11300

PN=000003